%% aerodynamic coefficients of rocket 9M723 determined with Prodas Software 
%% Data from Prodas Software

% Aerodynamic_Force_Coefficients
% [     Mach      CX0     CX2     CX4     CNa    CNa3    CPN     CYpa   CXfore  CXbase    CNq ]
AFC = [  0.01   0.216    2.81    3.12    3.92    3.12    3.92    0.00   0.000   0.068   0.148
         0.40   0.217    2.81    3.25    4.05    3.25    4.05    0.00   0.000   0.062   0.155
         0.60   0.217    2.81    3.31    4.12    3.31    4.12    0.00   0.000   0.058   0.158
         0.70   0.218    3.05    3.34    4.12    3.34    4.12    0.00   0.000   0.056   0.163
         0.75   0.219    3.17    3.35    4.12    3.35    4.12    0.00   0.000   0.054   0.165
         0.80   0.220    3.29    3.36    4.12    3.36    4.12    0.00   0.000   0.053   0.168
         0.85   0.232    3.53    3.41    4.15    3.41    4.15    0.00   0.000   0.062   0.170
         0.88   0.237    3.65    3.43    4.16    3.43    4.16    0.00   0.000   0.066   0.171
         0.90   0.243    3.76    3.45    4.17    3.45    4.17    0.00   0.000   0.071   0.172
         0.93   0.263    4.01    3.48    4.18    3.48    4.18    0.00   0.000   0.090   0.173
         0.95   0.283    4.25    3.50    4.18    3.50    4.18    0.00   0.000   0.108   0.174
         0.98   0.304    4.54    3.53    4.20    3.53    4.20    0.00   0.000   0.108   0.196
         1.00   0.325    4.83    3.56    4.22    3.56    4.22    0.00   0.000   0.108   0.217
         1.02   0.322    5.12    3.57    4.25    3.57    4.25    0.00   0.000   0.107   0.215
         1.05   0.319    5.41    3.58    4.28    3.58    4.28    0.00   0.000   0.105   0.214
         1.10   0.318    6.00    3.60    4.28    3.60    4.28    0.00   0.000   0.104   0.214
         1.20   0.310    6.65    3.62    4.23    3.62    4.23    0.00   0.000   0.100   0.210
         1.35   0.302    6.07    3.65    4.15    3.65    4.15    0.00   0.000   0.098   0.203
         1.50   0.288    5.46    3.71    4.04    3.71    4.04    0.00   0.000   0.092   0.196
         1.75   0.264    4.84    3.82    3.97    3.82    3.97    0.00   0.000   0.082   0.182
         2.00   0.245    4.24    3.81    3.89    3.81    3.89    0.00   0.000   0.078   0.167
         2.25   0.226    3.94    3.78    3.81    3.78    3.81    0.00   0.000   0.073   0.153
         2.50   0.206    3.63    3.75    3.74    3.75    3.74    0.00   0.000   0.068   0.138
         3.00   0.179    3.08    3.60    3.66    3.60    3.66    0.00   0.000   0.068   0.112
         3.50   0.163    2.82    3.46    3.56    3.46    3.56    0.00   0.000   0.070   0.093
         4.00   0.147    2.57    3.32    3.45    3.32    3.45    0.00   0.000   0.073   0.074
         4.50   0.137    2.32    3.24    3.41    3.24    3.41    0.00   0.000   0.075   0.062
         5.00   0.128    2.07    3.15    3.37    3.15    3.37    0.00   0.000   0.077   0.051
         6.00   0.114    1.85    3.08    3.32    3.08    3.32    0.00   0.000   0.078   0.037
         8.00   0.106    1.76    3.04    3.32    3.04    3.32    0.00   0.000   0.085   0.021];

%Aerodynamic Moment Coefficients for CG = 2800 mm
%           [ Mach     Cma     Cma3    Cma5    Cmq     Cmq2   Cnpa@1  Cnpa@3   Cnpa@5    Clp     Cld]
AMC_2800 = [  0.01   -2.75   -2.75  -135.7  -135.7   0.00   0.00   0.00   0.00   0.000  -0.501  0.0039
         0.40   -3.28   -3.28  -140.5  -140.5   0.00   0.00   0.00   0.00   0.000  -0.564  0.0045
         0.60   -3.56   -3.56  -143.0  -143.0   0.00   0.00   0.00   0.00   0.000  -0.596  0.0048
         0.70   -3.59   -3.59  -143.5  -143.5   0.00   0.00   0.00   0.00   0.000  -0.602  0.0048
         0.75   -3.61   -3.61  -143.8  -143.8   0.00   0.00   0.00   0.00   0.000  -0.605  0.0048
         0.80   -3.62   -3.62  -144.0  -144.0   0.00   0.00   0.00   0.00   0.000  -0.608  0.0049
         0.85   -3.75   -3.75  -146.6  -146.6   0.00   0.00   0.00   0.00   0.000  -0.624  0.0050
         0.88   -3.82   -3.82  -147.9  -147.9   0.00   0.00   0.00   0.00   0.000  -0.633  0.0051
         0.90   -3.89   -3.89  -149.2  -149.2   0.00   0.00   0.00   0.00   0.000  -0.641  0.0052
         0.93   -3.94   -3.94  -151.1  -151.1   0.00   0.00   0.00   0.00   0.000  -0.649  0.0052
         0.95   -3.99   -3.99  -153.0  -153.0   0.00   0.00   0.00   0.00   0.000  -0.657  0.0053
         0.98   -4.08   -4.08  -155.8  -155.8   0.00   0.00   0.00   0.00   0.000  -0.664  0.0054
         1.00   -4.17   -4.17  -158.6  -158.6   0.00   0.00   0.00   0.00   0.000  -0.670  0.0055
         1.02   -4.31   -4.31  -159.0  -159.0   0.00   0.00   0.00   0.00   0.000  -0.671  0.0055
         1.05   -4.45   -4.45  -159.4  -159.4   0.00   0.00   0.00   0.00   0.000  -0.671  0.0055
         1.10   -4.47   -4.47  -163.7  -163.7   0.00   0.00   0.00   0.00   0.000  -0.672  0.0055
         1.20   -4.29   -4.29  -165.6  -165.6   0.00   0.00   0.00   0.00   0.000  -0.651  0.0053
         1.35   -4.06   -4.06  -167.1  -167.1   0.00   0.00   0.00   0.00   0.000  -0.623  0.0051
         1.50   -3.69   -3.69  -168.6  -168.6   0.00   0.00   0.00   0.00   0.000  -0.596  0.0048
         1.75   -3.55   -3.55  -171.8  -171.8   0.00   0.00   0.00   0.00   0.000  -0.587  0.0048
         2.00   -3.21   -3.21  -171.4  -171.4   0.00   0.00   0.00   0.00   0.000  -0.531  0.0043
         2.25   -2.91   -2.91  -170.1  -170.1   0.00   0.00   0.00   0.00   0.000  -0.492  0.0040
         2.50   -2.61   -2.61  -168.7  -168.7   0.00   0.00   0.00   0.00   0.000  -0.452  0.0036
         3.00   -2.23   -2.23  -164.4  -164.4   0.00   0.00   0.00   0.00   0.000  -0.399  0.0032
         3.50   -1.79   -1.79  -158.7  -158.7   0.00   0.00   0.00   0.00   0.000  -0.353  0.0028
         4.00   -1.35   -1.35  -153.0  -153.0   0.00   0.00   0.00   0.00   0.000  -0.307  0.0024
         4.50   -1.19   -1.19  -148.9  -148.9   0.00   0.00   0.00   0.00   0.000  -0.291  0.0022
         5.00   -1.02   -1.02  -144.7  -144.7   0.00   0.00   0.00   0.00   0.000  -0.275  0.0021
         6.00   -0.87   -0.87  -141.6  -141.6   0.00   0.00   0.00   0.00   0.000  -0.261  0.0020
         8.00   -0.83   -0.83  -140.4  -140.4   0.00   0.00   0.00   0.00   0.000  -0.257  0.0019];

% Fin Set Component Aerodynamic Coefficients
%           [ Mach   Cxbody   Cxgrv   Cxfin1  Cxfin2  Cxfin3   CNaB    CPNB   CNaF1   CPNF1   CNaF2   CPNF2   CNaF3   CPNF3]
